Time, Angle (rad)
6,2.697268
7,2.299548
8,2.184736
9,1.541183
10,1.304544
11,1.495254
12,1.426293
13,0.989416
14,0.667741
15,1.311098
16,0.218303
17,-0.080904
18,1.325424
19,0.924901
20,-0.380506
21,0.756340
22,2.198677
23,0.890785
24,2.021691
25,2.774000
26,3.045119
27,2.219650
28,2.202780
29,2.000559
30,1.395609
31,1.467715
32,1.421906
33,1.723446
34,1.036312
35,0.873339
36,1.052004
37,-0.205395
38,0.177275
39,-0.026330
40,-0.528074
41,-0.810042
42,-2.111216
43,-2.939188
44,2.939601
45,2.290075
46,1.933341
47,1.642969
48,0.650619
49,1.612523
50,0.226225
51,-0.066746
52,0.756835
53,1.304014
54,1.040321
55,1.446274
56,1.463888
57,1.607724
58,1.743528
59,2.032680
60,-3.058451
61,-2.102886
62,-1.543026
63,-1.260684
64,-2.557641
65,-2.399616
66,-3.057580
67,2.586727
68,2.961739
69,2.197360
70,-2.463608
71,-2.629203
72,-2.671188
73,2.792822
74,-2.414950
75,1.941168
76,1.349593
77,1.383800
78,1.051650
79,1.198580
80,0.467891
81,0.440751
82,0.855545
83,1.390943
84,1.599360
85,1.916238
86,1.789178
87,1.791978
88,0.318183
89,-0.662992
90,0.266252
91,-0.200825
92,-0.380185
93,0.621057
94,2.156357
95,2.744549
96,2.636368
97,2.239608
98,2.309354
99,2.225900
100,2.285341
101,2.052336
102,2.280834
103,2.170516
104,2.017400
105,1.657616
106,1.492525
107,0.991936
108,0.906804
109,1.028365
110,1.459010
111,1.496173
112,1.373401
113,1.364999
114,1.295218
115,0.547903
116,-0.170654
117,-1.735945
118,1.321557
119,1.618885
120,0.796952
121,0.682954
122,0.924055
123,0.910948
124,0.669898
125,1.085100
126,0.995091
127,0.857438
128,0.665612
129,0.848567
130,0.505290
131,0.401871
132,0.909906
133,1.019141
134,1.239886
135,1.551109
136,1.587461
137,1.921524
138,2.122451
139,1.195308
140,1.420425
141,1.467715
142,1.405648
143,1.630157
144,2.370536
145,2.053421
146,2.288628
147,-2.390664
148,-2.405295
149,1.251324
150,-2.339670
151,-2.410963
152,-2.596265
153,-1.526225
154,-2.060593
155,-1.385708
156,-0.522403
157,-1.669184
158,-1.884725
159,-1.124691
160,-1.951303
161,-2.095479
162,-0.665969
163,0.473094
164,1.837048
165,-2.506113
166,0.000000
167,1.564417
168,-1.347789
169,-1.152572
170,1.706594
171,0.982794
172,0.176405
173,1.498849
174,1.324132
175,1.103179
176,1.641475
177,1.989021
178,-3.112685
179,2.896614
180,2.494386
181,2.593043
182,1.837048
183,2.061116
184,1.885941
185,1.742340
186,1.460762
187,1.798155
188,0.953041
189,1.195816
190,1.034061
191,1.176005
192,0.519146
193,0.169314
194,-0.383528
195,-0.656161
196,-0.760380
197,-0.464758
198,-0.927295
199,0.734203
200,1.507205
201,1.752531
202,1.831399
203,1.639183
204,1.771710
205,1.570796
206,1.638476
207,1.771751
208,1.897894
209,1.923787
210,2.000183
211,2.589320
212,1.190290
213,0.174672
214,0.036995
215,1.181060
216,1.378748
217,1.404010
218,1.492406
219,-0.013553
220,-0.045423
221,-0.205212
222,1.545117
223,1.359080
224,1.727884
225,1.920919
226,1.935770
227,1.351188
228,1.570796
229,1.621386
230,1.685673
231,1.212026
232,1.621475
233,-0.124223
234,-0.629624
235,-0.369334
236,1.410570
237,1.065935
238,0.828877
239,1.260661
240,0.881072
241,0.671228
242,1.226736
243,1.920043
244,1.592001
245,2.146816
246,1.927252
247,2.055441
248,2.414950
249,2.225293
250,2.156949
251,2.448651
252,2.395406
253,2.456314
254,2.356194
255,2.506397
256,2.785957
257,2.339053
258,2.342088
259,1.861784
260,2.053793
261,1.672331
262,1.964665
263,1.794678
264,1.967546
265,1.657527
266,1.723590
267,1.528396
268,1.330001
269,1.133874
270,1.248032
271,1.441924
272,1.605250
273,1.845082
274,1.689757
275,1.842568
276,1.852235
277,1.545559
278,1.062239
279,1.451367
280,0.917950
281,1.274251
282,1.832438
283,2.296772
284,1.561067
285,2.419514
286,2.048897
287,1.753459
288,1.484780
289,1.670465
290,1.504228
291,1.781333
292,1.635902
293,2.521343
294,1.943784
295,1.684317
296,1.477521
297,1.240552
298,0.578070
299,0.784682
300,0.807584
301,0.262939
302,0.504861
303,1.134169
304,-0.066517
305,0.435317
306,-0.076772
307,0.730585
308,0.343706
309,1.054596
310,1.076855
311,1.721168
312,2.245386
313,2.208903
314,1.740762
315,1.685808
316,1.350334
317,1.278787
318,0.928094
319,0.893894
320,-0.414159
321,-1.347091
322,-1.570796
323,0.242102
324,0.139074
325,1.053955
326,0.937370
327,1.062067
328,1.147741
329,1.341913
330,1.610250
331,1.603043
332,1.619146
333,1.978428
334,2.019379
335,2.172727
336,2.797734
337,-2.917104
338,-2.729182
339,-2.121182
340,-2.517570
341,-2.976706
342,1.993639
343,2.470026
344,1.997278
345,1.951303
346,1.523213
347,1.929297
348,1.457310
349,1.109109
350,1.243970
351,1.339706
352,1.382575
353,1.766870
354,2.267818
355,2.220667
356,2.361612
357,-3.055057
358,-2.513820
359,-2.257921
360,-2.475241
361,-2.432966
362,-2.218464
363,-2.677945
364,-2.958070
365,2.654693
366,2.668290
367,2.379446
368,2.283714
369,2.107935
370,2.717584
371,3.113822
372,-3.089010
373,-2.675991
374,-2.964210
375,3.141593
376,-2.668079
377,-2.601173
378,-2.749889
379,2.658914
380,2.630587
381,2.084689
382,1.800028
383,1.986288
384,2.583125
385,2.663960
386,2.013309
387,2.164546
388,1.398895
389,1.217834
390,0.998488
391,1.099446
392,0.777268
393,0.979384
394,0.739068
395,1.569293
396,-2.781841
397,2.514877
398,-1.878803
399,-1.285181
400,-0.516049
401,0.382907
402,0.309668
403,1.624636
404,1.800172
405,1.231951
406,1.588036
407,2.257614
408,2.892006
409,3.036119
410,-2.990491
411,-2.971814
412,2.774836
413,0.201255
414,0.870092
415,0.496423
416,0.284730
417,0.360224
418,1.094021
419,0.846259
420,1.352127
421,1.615820
422,1.072341
423,1.220691
424,1.154059
425,1.818576
426,2.601173
427,-2.477880
428,2.927075
429,-3.104555
430,1.952702
431,1.826365
432,2.169972
433,1.721224
434,1.190290
435,1.852841
436,1.489434
437,1.058516
438,1.293074
439,1.491364
440,0.843466
441,1.485423
442,1.725793
443,1.951303
444,1.665515
445,2.004291
446,2.097189
447,1.737162
448,1.717594
449,1.913820
450,2.219516
451,1.976735
452,2.558834
453,2.442249
454,1.446441
455,0.765278
456,0.632749
457,0.615278
458,0.901094
459,1.306536
460,1.281149
461,1.948939
462,2.313216
463,2.321953
464,2.567102
465,2.381368
466,2.235999
467,2.179486
468,2.250648
469,2.196418
470,2.213733
471,2.304646
472,2.113208
473,1.971846
474,1.179233
475,1.024511
476,0.758205
477,0.501604
478,0.463171
479,1.040565
480,0.893410
481,1.399003
482,1.390058
483,1.584684
484,1.406237
485,1.670046
486,1.796350
487,1.985579
488,2.231839
489,2.534486
490,2.583201
491,2.291350
492,2.349793
493,2.347064
494,2.165866
495,2.148259
496,2.245537
497,1.892547
498,1.714675
499,1.519993
500,0.828805
501,1.085569
502,1.176370
503,1.244836
504,1.235514
505,0.764125
506,0.294782
507,0.307194
508,0.448042
509,0.692109
510,1.030773
511,1.031430
512,0.758280
513,1.208252
514,1.699120
515,1.589662
516,2.034924
517,1.993705
518,1.843643
519,1.597817
520,1.699120
521,1.173746
522,1.198729
523,0.969723
524,0.926491
525,0.596199
526,2.596994
527,2.637904
528,2.474501
529,-2.874610
530,2.996780
531,2.509902
532,2.672655
533,2.769525
534,2.089181
535,1.989021
536,1.874583
537,1.262744
538,1.146902
539,1.083729
540,1.366778
541,1.158077
542,1.144376
543,1.203622
544,0.862224
545,0.129703
546,0.446106
547,0.514868
548,0.131931
549,2.723368
550,2.037964
551,1.731516
552,1.918393
553,1.913820
554,2.065684
555,2.368570
556,2.761086
557,-0.319999
558,-0.033321
559,-0.116355
560,0.178493
561,0.402321
562,0.414713
563,0.921237
564,1.213349
565,0.958737
566,0.975225
567,1.558628
568,1.785313
569,1.923139
570,2.179960
571,2.051629
572,1.504228
573,0.623599
574,-0.197640
575,0.482513
576,0.447357
577,0.771040
578,2.001302
579,2.356194
580,1.905533
581,2.338952
582,2.627141
583,2.120777
584,1.277207
585,0.789246
586,0.799482
587,1.003091
588,0.785398
589,0.584601
590,0.795058
591,0.785398
592,0.666394
593,1.286641
594,2.626356
595,1.432138
596,1.210701
597,1.493171
598,1.662886
599,1.525088
600,1.943882
601,1.850035
602,1.063144
603,1.206641
604,1.143775
605,1.049887
606,1.271921
607,1.825979
608,1.813900
609,2.228685
610,2.788680
611,2.775797
612,2.498092
613,2.014620
614,1.886991
615,1.969319
616,1.201463
617,2.101659
618,0.970137
619,0.569313
620,0.644062
621,0.895959
622,0.799651
623,1.334362
624,1.588976
625,2.329174
626,-3.042418
627,2.796037
628,2.383215
629,2.243674
630,1.868200
631,2.080768
632,2.068583
633,2.040645
634,2.083647
635,2.200753
636,2.043493
637,2.048321
638,2.124199
639,2.271651
640,2.031507
641,2.136764
642,2.075357
643,1.841743
644,1.531073
645,1.310194
646,1.202097
647,1.300158
648,1.449087
649,0.423991
650,0.368233
651,0.381652
652,0.446480
653,0.585956
654,1.216852
655,1.362115
656,1.616451
657,1.739003
658,2.293029
659,1.203622
660,1.238737
661,0.694525
662,1.494024
663,1.463986
664,2.214297
665,2.007592
666,1.834324
667,1.385448
668,1.347753
669,0.692334
670,0.549761
671,-0.110657
672,0.596653
673,0.588003
674,0.536871
675,1.249698
676,1.297354
677,1.601587
678,2.039890
679,1.908451
680,2.373307
681,2.421320
682,2.127298
683,2.071810
684,2.283258
685,1.373401
686,1.311243
687,1.620755
688,1.716970
689,1.403549
690,1.979570
691,2.589319
692,2.116250
693,1.748305
694,1.866814
695,-1.571199
696,-1.569551
697,-1.568304
698,1.165905
699,0.759963
700,0.041643
701,1.567326
702,1.567568
703,-1.568593
704,-1.570796
705,2.137526
706,-1.571901
707,-1.571067
708,0.903490
709,0.682853
710,0.678405
711,0.376267
712,0.490012
713,0.496423
714,0.958535
715,0.150371
716,1.060639
717,1.148226
718,1.212026
719,0.617309
720,0.797489
721,1.267253
722,2.656884
723,1.916273
724,2.072443
725,1.975239
726,0.778955
727,0.746337
728,0.654812
729,1.018404
730,1.743516
731,2.123638
732,2.497962
733,2.122451
734,1.797595
735,1.957852
736,0.682893
737,0.587553
738,1.307664
739,1.363993
740,1.834327
741,2.585298
742,1.776192
743,0.457590
744,0.646736
745,0.477345
746,0.605545
747,0.826471
748,1.709892
749,2.118342
750,2.111216
751,2.033303
752,2.109119
753,1.004067
754,1.214078
755,2.280461
756,3.070285
757,-3.002610
758,2.132762
759,1.804197
760,1.880660
761,1.843637
762,1.960223
763,2.070816
764,2.218574
765,2.777614
766,2.967264
767,2.682527
768,2.390664
769,2.601173
770,0.463462
771,0.465231
772,0.367174
773,-0.866302
774,-1.703672
775,-1.892547
776,0.963809
777,1.612260
778,0.990171
779,0.696803
780,0.784605
781,-0.363979
782,0.215664
783,0.038598
784,0.517032
785,0.375280
786,0.566401
787,0.319022
788,1.007642
789,1.222025
790,1.518213
791,1.612564
792,1.211834
793,1.316899
794,1.539556
795,-2.953953
796,-2.013171
797,-2.734036
798,-2.654658
799,2.100386
800,2.010736
801,2.112218
802,1.980555
803,2.059908
804,2.118359
805,2.057167
806,1.676289
807,1.174815
808,-0.909966
809,-1.276087
810,-1.520000
811,-1.692800
812,-1.679484
813,-1.768192
814,0.130370
815,1.711018
816,2.243447
817,2.741352
818,2.885150
819,2.917985
820,2.727145
821,2.518877
822,2.257614
823,1.988026
824,1.990993
825,2.135318
826,1.492012
827,2.226798
828,1.728916
829,1.978393
830,2.125064
831,1.944963
832,1.537994
833,1.570796
834,1.430119
835,1.349968
836,2.093445
837,2.141874
838,1.570796
839,2.014481
840,2.079427
841,1.701624
842,2.236766
843,1.653938
844,1.101958
845,2.134113
846,2.250854
847,2.217099
848,2.576688
849,2.514853
850,2.177463
851,1.913820
852,1.698824
853,2.728438
854,-1.839006
855,-1.982012
856,-2.546444
857,-2.760992
858,-2.774419
859,-2.806856
860,2.677945
861,-2.091195
862,-2.019520
863,-1.069876
864,0.374334
865,1.400061
866,1.411067
867,1.228846
868,1.187512
869,1.480805
870,1.272760
871,1.154829
872,1.223287
873,1.661456
874,1.656666
875,1.810539
876,1.918075
877,2.052396
878,2.191897
879,2.218805
880,2.221193
881,2.305615
882,2.537422
883,2.425881
884,3.114572
885,-2.573068
886,-1.877213
887,-2.715954
888,-2.301703
889,-2.802300
890,-3.075024
891,2.823882
892,2.408778
893,1.723446
894,1.975688
895,2.033379
896,2.230553
897,2.450678
898,2.440464
899,2.205980
900,1.923039
901,1.591639
902,1.481376
903,1.461643
904,1.435311
905,1.545511
906,1.846781
907,1.618767
908,1.823092
909,1.927519
910,0.083141
911,-1.035606
912,-1.385448
913,-1.521148
914,-1.006227
915,-0.116574
916,0.263964
917,0.763180
918,1.276066
919,1.432959
920,1.451381
921,1.679010
922,1.730348
923,1.465919
924,1.656849
925,1.952079
926,1.735945
927,2.381830
928,2.672358
929,2.289899
930,1.661456
931,1.570796
932,1.472751
933,1.771072
934,1.779274
935,2.093774
936,2.072539
937,2.170393
938,1.927658
939,1.991735
940,1.736249
941,1.845646
942,1.056345
943,0.119844
944,-0.000000
945,0.950547
946,1.581463
947,1.964472
948,2.484518
949,2.544525
950,2.606833
951,2.825148
952,2.300410
953,2.279761
954,2.265535
955,1.893685
956,2.245537
957,2.659079
958,1.717978
959,2.168689
960,2.218193
961,2.106359
962,2.067219
963,2.391474
964,2.310285
965,2.191046
966,2.339593
967,2.482664
968,2.665580
969,1.913820
970,2.055675
971,1.523651
972,1.019141
973,0.812830
974,1.072165
975,0.768780
976,1.321937
977,2.169014
978,2.660691
979,2.563893
980,2.805700
981,-2.768605
982,2.616797
983,1.442686
984,-1.466033
985,0.202242
986,0.896055
987,-0.414198
988,2.739722
989,0.369563
990,0.000000
991,-0.471956
992,0.995773
993,1.100844
994,1.084882
995,1.466696
996,1.495892
997,1.521656
998,1.815517
999,2.163420
1000,2.581471
1001,2.456008
1002,2.039377
1003,1.674977
1004,2.084853
1005,1.591892
1006,1.104716
1007,1.929567
1008,1.582710
1009,1.322852
1010,1.344217
1011,1.265804
1012,0.823894
1013,1.165905
1014,1.387931
1015,1.626295
1016,1.951303
1017,2.312631
1018,2.198292
1019,1.922265
1020,2.326791
1021,2.015715
1022,1.552697
1023,1.430795
1024,2.321725
1025,0.778995
1026,0.333356
1027,-0.569313
1028,-0.482467
1029,0.331039
1030,0.674741
1031,1.436901
1032,1.616027
1033,2.023411
1034,-1.642104
1035,-1.429101
1036,-1.935773
1037,-2.247338
1038,-1.438245
1039,-0.717844
1040,2.904993
1041,-2.291324
1042,-1.787206
1043,-2.572279
1044,-0.676597
1045,0.438493
1046,0.900035
1047,1.297788
1048,1.116077
1049,1.461545
1050,1.151279
1051,1.273732
1052,1.821239
1053,1.757255
1054,2.026570
1055,2.549303
1056,2.434012
1057,2.603173
1058,2.777614
1059,2.651678
1060,2.101361
1061,2.132877
1062,1.926027
1063,2.084512
1064,2.371578
1065,2.822748
1066,2.191046
1067,1.568057
1068,1.570796
1069,1.052580
1070,1.046979
1071,0.912075
1072,1.280972
1073,1.056951
1074,1.417626
1075,1.404681
1076,1.582085
1077,1.468878
1078,1.679444
1079,1.554855
1080,1.970017
1081,2.106455
1082,2.391765
1083,2.175845
1084,2.449534
1085,2.356194
1086,2.344147
1087,2.236218
1088,2.097242
1089,1.669997
1090,1.408307
1091,1.298650
1092,1.274662
1093,1.849096
1094,2.032008
1095,1.815775
1096,1.932138
1097,1.930528
1098,1.838876
1099,2.266990
1100,2.197058
1101,1.774714
1102,1.649084
1103,1.279783
1104,0.785398
1105,0.791947
1106,0.616801
1107,0.695474
1108,0.634023
1109,0.684821
1110,0.483126
1111,0.597791
1112,0.847113
1113,0.858439
1114,1.205595
1115,1.446757
1116,1.471128
1117,0.988751
1118,0.729900
1119,0.482513
1120,0.489957
1121,0.700470
1122,0.670720
1123,1.129599
1124,1.233543
1125,1.463718
1126,1.375659
1127,1.224500
1128,0.920926
1129,0.711459
1130,0.982794
1131,1.107635
1132,1.234122
1133,1.673483
1134,2.242759
1135,2.163799
1136,1.935291
1137,2.030891
1138,2.177163
1139,1.814817
1140,1.344985
1141,1.534227
1142,1.664273
1143,1.432903
1144,1.675673
1145,2.300995
1146,2.072204
1147,1.528071
1148,1.067170
1149,1.003872
1150,0.610726
1151,0.855122
1152,0.530971
1153,1.663433
1154,1.371139
1155,1.756144
1156,-2.759548
1157,-1.698013
1158,0.570266
1159,1.055112
1160,1.216624
1161,1.030377
1162,1.261087
1163,1.026783
1164,0.802092
1165,0.466768
1166,1.570796
1167,0.658806
1168,1.153725
1169,1.706872
1170,1.715609
1171,1.019141
1172,1.509712
1173,1.420868
1174,1.272297
1175,1.159660
1176,1.407430
1177,1.200951
1178,1.405648
1179,1.965587
1180,1.026894
1181,0.298499
1182,0.492540
1183,0.777880
1184,0.967958
1185,0.960409
1186,0.939106
1187,1.525159
1188,2.168736
1189,1.939286
1190,2.325069
1191,2.565217
1192,1.997369
1193,0.875484
1194,0.610909
1195,0.336663
1196,0.713448
1197,0.458045
1198,0.548768
1199,0.502962
1200,0.578539
1201,-0.176709
1202,1.411794
1203,2.390664
1204,1.969319
1205,1.825359
1206,1.258436
1207,1.132302
1208,0.447431
1209,0.384190
1210,-0.093632
1211,2.243065
1212,0.931177
1213,0.148736
1214,0.107265
1215,0.052094
1216,0.246712
1217,0.748072
1218,1.156571
1219,1.818910
1220,2.040062
1221,2.160417
1222,1.927993
1223,1.666979
1224,0.733983
1225,0.540420
1226,0.670522
1227,0.376616
1228,1.239700
1229,1.570796
1230,1.672873
1231,1.074902
1232,0.769006
1233,0.525711
1234,1.144169
1235,1.161888
1236,1.337541
1237,1.639183
1238,1.637364
1239,1.642198
1240,1.626711
1241,1.821743
1242,2.087664
1243,1.004173
1244,0.816485
1245,1.063698
1246,0.554471
1247,1.156245
1248,2.821579
1249,2.695487
1250,2.141053
1251,2.541656
1252,0.927295
1253,1.775192
1254,0.544864
1255,0.383558
1256,1.372824
1257,1.540503
1258,1.634540
1259,2.097424
1260,1.859290
1261,1.389477
1262,1.772806
1263,1.278296
1264,0.982794
1265,1.521900
1266,1.738007
1267,1.515001
1268,1.495493
1269,2.082027
1270,1.862253
1271,2.565513
1272,2.375936
1273,2.660705
1274,2.804918
1275,2.791800
1276,3.064277
1277,2.973697
1278,3.070285
1279,2.751884
1280,2.545394
1281,2.054138
1282,1.972667
1283,1.568889
1284,1.165905
1285,0.968772
1286,1.492544
1287,1.317136
1288,0.927295
1289,1.036952
1290,1.336523
1291,0.735126
1292,1.546602
1293,1.953331
1294,1.586099
1295,1.278811
1296,0.698660
1297,0.694738
1298,1.423898
1299,1.191666
1300,0.731577
1301,1.173761
1302,0.876058
1303,-1.012197
1304,0.342771
1305,0.502843
1306,0.633074
1307,1.297574
1308,1.322435
1309,1.393727
1310,1.881777
1311,1.885221
1312,1.201112
1313,1.001299
1314,0.930103
1315,0.847817
1316,0.600460
1317,1.489211
1318,1.916287
1319,2.121182
1320,2.158799
1321,2.150818
1322,2.236766
1323,2.173084
1324,1.923787
1325,1.770795
1326,1.801887
1327,1.461014
1328,1.443287
1329,1.368475
1330,1.653781
1331,1.732171
1332,1.737809
1333,1.553254
1334,1.668523
1335,0.551655
1336,0.642887
1337,2.416150
1338,-3.041924
1339,-2.410371
1340,2.912361
1341,1.032427
1342,1.233166
1343,1.562351
1344,1.522899
1345,1.644160
1346,2.048441
1347,1.301703
1348,1.916560
1349,0.839921
1350,1.073030
1351,0.816638
1352,0.608689
1353,1.139196
1354,1.370994
1355,1.147502
1356,1.806556
1357,1.537944
1358,0.881926
1359,0.962746
1360,1.249703
1361,0.899516
1362,0.868818
1363,1.191869
1364,1.424917
1365,1.418147
1366,2.187371
1367,-2.943162
1368,-2.995580
1369,2.956985
1370,3.021464
1371,2.970915
1372,1.727204
1373,0.809784
1374,0.788978
1375,0.917950
1376,0.808830
1377,1.137816
1378,1.974050
1379,2.845689
1380,2.200681
1381,0.773671
1382,0.643501
1383,-0.283794
1384,0.045312
1385,-0.000000
1386,-0.385513
1387,0.463648
1388,1.507675
1389,1.919079
1390,1.862253
1391,2.194819
1392,2.831128
1393,2.063649
1394,1.513134
1395,0.973620
1396,1.017184
1397,1.199087
1398,1.480136
1399,1.172363
1400,1.307425
1401,0.479214
1402,0.602287
1403,0.438163
1404,1.542233
1405,1.587744
1406,1.754969
1407,1.954346
1408,2.344746
1409,2.485897
1410,2.971650
1411,2.811968
1412,2.553590
1413,2.220873
1414,1.650839
1415,1.686556
1416,0.921813
1417,1.624798
1418,1.471779
1419,1.094145
1420,1.780794
1421,2.131919
1422,1.924359
1423,2.138472
1424,2.307729
1425,1.885554
1426,1.333658
1427,1.634286
1428,1.364472
1429,1.671956
1430,2.096166
1431,2.604682
1432,2.294394
1433,1.750273
1434,1.857895
1435,1.417025
1436,1.240627
1437,1.274232
1438,1.697836
1439,1.905274
1440,3.077166
1441,2.414230
1442,1.965634
1443,1.406022
1444,0.993604
1445,0.878462
1446,1.077139
1447,2.836790
1448,-2.224879
1449,-2.219792
1450,-2.942486
1451,-1.659945
1452,-0.449760
1453,0.315918
1454,0.739975
1455,0.927295
1456,1.450173
1457,2.042574
1458,1.927919
1459,1.921179
1460,2.089706
1461,1.475845
1462,0.815913
1463,0.497429
1464,0.115589
1465,0.133722
1466,-0.787567
1467,2.336255
1468,2.531564
1469,2.385899
1470,2.195432
1471,2.073407
1472,1.817263
1473,1.777120
1474,1.977086
1475,2.168180
1476,1.808632
1477,1.856848
1478,1.915548
1479,2.508844
1480,1.791625
1481,2.085457
1482,1.768799
1483,1.518213
1484,1.496857
1485,0.380506
1486,0.548716
1487,1.881074
1488,-3.117421
1489,3.034857
1490,-2.543031
1491,2.132718
1492,1.786106
1493,1.442902
1494,0.977794
1495,1.220482
1496,1.895235
1497,3.064259
1498,2.420528
1499,2.592218
1500,2.625257
1501,1.837586
1502,1.487655
1503,1.393751
1504,1.196222
1505,1.383790
1506,1.620755
1507,1.524688
1508,1.730348
1509,1.856577
1510,2.108104
1511,2.377452
1512,2.735174
1513,2.487039
1514,2.380075
1515,2.012589
1516,1.846602
1517,1.318242
1518,0.406489
1519,0.058756
1520,-0.357442
1521,0.519146
1522,0.494667
1523,0.758378
1524,0.601599
1525,2.803020
1526,2.356194
1527,1.943784
1528,2.660705
1529,1.746736
1530,1.662843
1531,1.958320
1532,1.898037
1533,1.931362
1534,1.815775
1535,2.040442
1536,2.354070
1537,2.179571
1538,1.995603
1539,2.239221
1540,2.492389
1541,2.300974
1542,2.352762
1543,2.735136
1544,2.899840
1545,2.347666
1546,1.951013
1547,2.249480
1548,1.693019
1549,1.549061
1550,2.498092
1551,2.969912
1552,-2.441412
1553,-2.425154
1554,-2.324559
1555,2.937595
1556,2.165344
1557,1.350562
1558,1.331881
1559,1.055247
1560,1.018335
1561,0.926243
1562,1.864131
1563,2.442933
1564,2.846924
1565,3.073516
1566,-2.521303
1567,3.094010
1568,2.655496
1569,2.227671
1570,1.772399
1571,2.555005
1572,1.681252
1573,-0.115702
1574,-0.068629
1575,-0.086862
1576,0.147568
1577,0.619542
1578,1.015303
1579,1.082774
1580,1.058407
1581,1.204541
1582,1.483656
1583,1.237552
1584,1.439969
1585,1.336422
1586,1.869627
1587,1.339141
1588,1.390943
1589,0.912908
1590,1.372796
1591,1.156869
1592,1.136126
1593,1.080640
1594,-0.839356
1595,-1.008988
1596,-0.896055
1597,0.398522
1598,0.025996
1599,1.212026
1600,1.352127
1601,1.565996
1602,1.450173
1603,1.420425
1604,1.396124
1605,1.309318
1606,1.255710
1607,1.367751
1608,1.768192
1609,2.055274
1610,2.293257
1611,2.895697
1612,2.736701
1613,-2.902361
1614,2.497673
1615,2.168821
1616,1.911057
1617,1.797038
1618,1.373401
1619,1.889800
1620,0.995333
1621,-0.291457
1622,0.359843
1623,0.930462
1624,1.492027
1625,1.659133
1626,0.804264
1627,0.643501
1628,0.311312
1629,0.160774
1630,0.856400
1631,1.903639
1632,2.061892
1633,1.867075
1634,1.713086
1635,1.622474
1636,1.283804
1637,0.847164
1638,0.558599
1639,-0.197396
1640,0.244979
1641,0.417963
1642,1.232473
1643,1.586232
1644,1.661456
1645,1.425984
1646,2.047043
1647,-0.981056
1648,-1.142848
1649,1.075164
1650,1.496857
1651,0.631872
1652,1.499541
1653,1.231799
1654,1.642332
1655,1.644194
1656,1.947287
1657,1.919567
1658,1.762709
1659,1.712693
1660,1.882838
1661,1.325818
1662,1.602532
1663,1.796511
1664,1.543548
1665,1.392703
1666,1.355981
1667,1.778293
1668,-0.886635
1669,-2.983066
1670,-2.417845
1671,-1.666310
1672,-1.022721
1673,1.664101
1674,1.404858
1675,0.984359
1676,1.681880
1677,0.603974
1678,0.207543
1679,-0.413934
1680,0.262927
1681,1.256433
1682,1.570796
1683,1.405648
1684,1.110274
1685,1.223207
1686,1.251696
1687,1.540898
1688,1.726795
1689,3.002497
1690,-2.878598
1691,-1.810350
1692,-1.814029
1693,-1.801677
1694,-0.881940
1695,-1.325818
1696,-2.039413
1697,-0.164787
1698,-0.600050
1699,1.186758
1700,1.696245
1701,1.832727
1702,1.915329
1703,1.583296
1704,1.712491
1705,1.076197
1706,0.030294
1707,0.574783
1708,1.556441
1709,1.667270
1710,1.519555
1711,1.198264
1712,1.201175
1713,1.746388
1714,0.588003
1715,1.399136
1716,1.863236
1717,2.038803
1718,1.082462
1719,1.538549
1720,1.614247
1721,1.454878
1722,1.457538
1723,2.032564
1724,2.449306
1725,1.439969
1726,1.983207
1727,1.620755
1728,1.410421
1729,1.220607
1730,1.753172
1731,2.567288
1732,-2.690140
1733,3.022456
1734,2.668618
1735,2.313667
1736,1.990818
1737,1.797390
1738,1.757283
1739,0.914102
1740,0.539984
1741,0.605398
1742,0.542138
1743,1.205863
1744,0.961338
1745,1.144809
1746,0.942195
1747,0.862786
1748,0.626674
1749,-1.376900
1750,-1.365830
1751,-2.020206
1752,-1.597817
1753,-1.253972
1754,-0.223477
1755,1.042533
1756,-0.343024
1757,1.457259
1758,2.081156
1759,1.826605
1760,1.560274
1761,1.692127
1762,1.194648
1763,1.135163
1764,-0.218669
1765,-2.495030
1766,1.832068
1767,1.789710
1768,1.428060
1769,1.466485
1770,1.440058
1771,1.511479
1772,1.706287
1773,1.122651
1774,1.335251
1775,1.280266
1776,1.078174
1777,0.991836
1778,1.995628
1779,1.928676
1780,2.212790
1781,2.521343
1782,2.553590
1783,2.653756
1784,2.448720
1785,2.089942
1786,2.116158
1787,2.086345
1788,2.075658
1789,1.967238
1790,-0.463648
1791,0.610726
1792,1.078987
1793,1.034618
1794,0.207293
1795,1.130110
1796,1.053356
1797,-0.129093
1798,0.061119
1799,-0.072217
1800,-0.068125
1801,-0.931798
1802,0.017326
1803,1.497404
1804,1.899804
1805,1.743598
1806,1.895389
1807,1.790818
1808,1.726827
1809,1.214869
1810,1.249046
1811,1.034274
1812,0.764026
1813,0.716542
1814,0.597758
1815,0.891481
1816,0.811306
1817,1.059880
1818,1.027319
1819,1.321662
1820,1.496857
1821,1.579129
1822,-1.632010
1823,-1.589537
1824,-0.461713
1825,3.141593
1826,-0.982794
1827,1.022207
1828,0.358771
1829,-2.301598
1830,0.000000
1831,0.899300
1832,0.912525
1833,0.799482
1834,0.748378
1835,1.130045
1836,1.166924
1837,1.190630
1838,1.414996
1839,1.611178
1840,1.615017
1841,1.502638
1842,1.540503
1843,1.614885
1844,1.427675
1845,1.410935
1846,1.717403
1847,1.570796
1848,0.463648
1849,-1.542390
1850,-1.642104
1851,-1.735945
1852,1.869295
1853,2.034444
1854,1.353899
1855,1.053781
1856,1.041207
1857,-1.570796
1858,-1.602623
1859,-2.570013
1860,2.961471
1861,1.616172
1862,0.977674
1863,0.865209
1864,0.762053
1865,0.966718
1866,0.785398
1867,1.311989
1868,1.310194
1869,1.366816
1870,0.942000
1871,0.656450
1872,-0.033321
1873,-0.038621
1874,0.687292
1875,1.600834
1876,1.759599
1877,2.272193
1878,2.289554
1879,2.593495
1880,2.049534
1881,2.736701
1882,1.421027
1883,1.241359
1884,1.241747
1885,1.723758
1886,1.664261
1887,1.922733
1888,2.063008
1889,2.155979
1890,2.078128
1891,2.289269
1892,2.235947
1893,2.892037
1894,2.819842
1895,2.589965
1896,2.547330
1897,-2.607884
1898,2.149847
1899,1.652024
1900,1.721812
1901,1.479190
1902,1.569866
1903,1.956790
1904,2.819842
1905,0.030111
1906,1.609883
1907,2.863293
1908,1.945309
1909,2.326791
1910,2.316455
1911,2.222533
1912,1.889379
1913,1.755596
1914,1.564812
1915,1.326631
1916,1.517276
1917,1.410034
1918,1.611055
1919,1.454156
1920,2.010180
1921,2.186554
1922,2.976294
1923,2.627231
1924,2.607415
1925,2.158799
1926,2.013633
1927,1.418147
1928,1.145111
1929,1.306833
1930,1.206929
1931,1.447700
1932,1.368180
1933,0.972377
1934,0.787344
1935,1.812030
1936,1.544499
1937,1.824745
1938,2.117585
1939,2.188135
1940,1.739072
1941,1.871507
1942,1.764874
1943,2.549768
1944,2.770161
1945,-3.079872
1946,2.963378
1947,-2.901107
1948,-0.149465
1949,1.077772
1950,0.761320
1951,0.815017
1952,0.006032
1953,-2.143676
1954,-1.509506
1955,-2.613571
1956,-2.506347
1957,2.903267
1958,2.753790
1959,2.706922
1960,3.107124
1961,2.765632
1962,2.121050
1963,1.938958
1964,1.945637
1965,1.844071
1966,1.683524
1967,1.699313
1968,1.603940
1969,1.289667
1970,1.344470
1971,1.466696
1972,1.604682
1973,1.597442
1974,1.658622
1975,1.483571
1976,1.099336
1977,0.507099
1978,0.527927
1979,-0.239603
1980,-0.746245
1981,-0.282128
1982,0.438541
1983,0.665969
1984,1.244670
1985,1.068782
1986,2.859265
1987,0.861175
1988,0.329326
1989,-0.130680
1990,0.822341
1991,1.212936
1992,2.018316
1993,1.846602
1994,1.940882
1995,1.800987
1996,1.774727
1997,1.689417
1998,1.768192
1999,1.707863
2000,1.720307
2001,1.431087
2002,1.632257
2003,1.560106
2004,1.924603
2005,1.928603
2006,1.903899
2007,1.850632
2008,2.046139
2009,1.221644
2010,1.080839
2011,3.025799
2012,1.797404
2013,1.691028
2014,2.115822
2015,2.037007
2016,1.844969
2017,1.834102
2018,1.789465
2019,1.735945
2020,1.792080
2021,1.741532
2022,1.908624
2023,2.164857
2024,1.932526
2025,1.287002
2026,1.212771
2027,1.121037
2028,0.954763
2029,0.913807
2030,1.416478
2031,-1.076271
2032,0.595157
2033,1.623379
2034,1.750650
2035,-2.158799
2036,2.553590
2037,-2.749137
2038,1.077112
2039,1.419801
2040,1.243776
2041,1.222025
2042,1.266119
2043,2.612908
2044,1.800820
2045,3.029881
2046,2.475623
2047,2.129837
2048,1.965587
2049,2.391894
2050,1.794788
2051,1.978154
2052,2.394167
2053,1.989021
2054,2.034444
2055,0.463648
2056,1.395924
2057,1.185400
2058,0.872757
2059,1.063698
2060,1.670465
2061,1.570164
2062,2.508780
2063,2.685521
2064,1.922056
2065,1.489344
2066,0.939506
2067,0.961633
2068,0.830144
2069,-0.089185
2070,1.937970
2071,2.305218
2072,2.337329
2073,1.693696
2074,1.853305
2075,1.894158
2076,1.770480
2077,1.513168
2078,1.849587
2079,1.194306
2080,1.327970
2081,1.712693
2082,1.960158
2083,1.152754
2084,2.403673
2085,1.810539
2086,1.764008
2087,1.951303
2088,1.993281
2089,1.141499
2090,1.292497
2091,1.623379
2092,-2.356194
2093,-2.243102
2094,-2.815756
2095,1.959491
2096,1.138389
2097,1.211799
2098,0.851966
2099,2.087405
2100,2.475294
2101,1.906779
2102,1.570796
2103,1.725449
2104,1.578385
2105,1.380073
2106,1.309301
2107,1.657535
2108,1.981545
2109,1.671834
2110,3.025587
2111,-2.944197
2112,1.518213
2113,0.785398
2114,0.250148
2115,0.211093
2116,0.246055
2117,-0.074840
2118,0.225277
2119,0.746964
2120,2.016651
2121,2.589938
2122,1.605058
2123,1.046001
2124,0.742871
2125,0.446482
2126,0.510823
2127,0.545985
2128,0.390840
2129,0.051464
2130,-0.277289
2131,-0.397079
2132,-0.245249
2133,-0.516174
2134,-0.618144
2135,-1.460230
2136,-2.654693
2137,-2.933512
2138,-3.068389
2139,2.841421
2140,2.306897
2141,2.504720
2142,2.760777
2143,1.122073
2144,2.622447
2145,2.728805
2146,-3.133726
2147,2.790960
2148,2.965449
2149,2.517570
2150,1.531893
2151,1.445229
2152,0.882312
2153,1.099959
2154,2.615526
2155,2.786887
2156,-3.076532
2157,-2.707303
2158,-0.436627
2159,1.151564
2160,2.615076
2161,1.347320
2162,0.938006
2163,1.570796
2164,0.609990
2165,0.273471
2166,0.776571
2167,0.757144
2168,0.351961
2169,1.095101
2170,1.697285
2171,2.080579
2172,2.211905
2173,2.292924
2174,2.180244
2175,2.246392
2176,2.277704
2177,2.280894
2178,2.671188
2179,2.672648
2180,2.289626
2181,2.448889
2182,2.151213
2183,1.449252
2184,3.116242
2185,-2.893334
2186,-3.031934
2187,-2.471812
2188,-2.466852
2189,-3.018703
2190,2.626174
2191,-0.097118
2192,2.289626
2193,0.827373
2194,1.807920
2195,0.985259
2196,1.768192
2197,0.463648
2198,2.034069
2199,2.618733
2200,2.472528
2201,1.989021
2202,1.866668
2203,1.240620
2204,0.940919
2205,0.765854
2206,1.494024
2207,1.714802
2208,2.653618
2209,2.828691
2210,2.259796
2211,2.281706
2212,2.312238
2213,1.962714
2214,1.965217
2215,2.295629
2216,1.573811
2217,1.547500
2218,2.236659
2219,1.903784
2220,2.473303
2221,2.897649
2222,-3.072746
2223,2.217532
2224,1.887941
2225,1.642104
2226,1.642529
2227,2.031928
2228,-1.572604
2229,-1.574313
2230,-1.572804
2231,2.892969
2232,-1.570958
2233,1.264917
2234,0.950038
2235,1.199905
2236,-1.569430
2237,0.162329
2238,-0.169778
2239,-0.342844
2240,-0.351522
2241,0.275318
2242,1.939275
2243,-3.064821
2244,1.776192
2245,2.397500
2246,2.820165
2247,2.736302
2248,1.705118
2249,1.809887
2250,1.412538
2251,1.039189
2252,1.045305
2253,1.051650
2254,0.571515
2255,0.743756
2256,1.658934
2257,1.579831
2258,2.717405
2259,2.705910
2260,2.791278
2261,2.501168
2262,2.275290
2263,2.411693
2264,1.570796
2265,0.362351
2266,0.694738
2267,1.177833
2268,1.413028
2269,1.415800
2270,1.780305
2271,2.460231
2272,1.940702
2273,2.016507
2274,1.494431
2275,1.301359
2276,0.838674
2277,0.636508
2278,0.239182
2279,0.503658
2280,0.862256
2281,0.632915
2282,0.519146
2283,0.209927
2284,0.454302
2285,0.866213
2286,1.109326
2287,1.027989
2288,1.503388
2289,1.423718
2290,1.160669
2291,1.934692
2292,2.511395
2293,2.470411
2294,1.705017
2295,0.925218
2296,1.142532
2297,0.839400
2298,0.553976
2299,0.062229
2300,0.185348
2301,0.017542
2302,1.353760
2303,-3.065141
2304,2.922719
2305,2.896614
2306,2.946617
2307,1.838494
2308,1.182395
2309,1.125341
2310,1.184490
2311,1.357858
2312,1.603829
2313,1.936315
2314,1.496857
2315,1.855308
2316,1.592397
2317,0.880996
2318,0.964413
2319,1.256753
2320,1.329422
2321,0.932224
2322,1.298877
2323,0.351091
2324,2.661170
2325,-0.291457
2326,-0.321751
2327,-0.694350
2328,0.588003
2329,0.235516
2330,0.604216
2331,0.822213
2332,0.546756
2333,1.421906
2334,2.150681
2335,3.016086
2336,2.069729
2337,2.251113
2338,1.723369
2339,1.477002
2340,2.228095
2341,1.919567
2342,1.761435
2343,1.756144
2344,2.048230
2345,1.493963
2346,1.458342
2347,1.472175
2348,1.660284
2349,2.387553
2350,1.895535
2351,0.984765
2352,1.244030
2353,0.984105
2354,0.564475
2355,0.798384
2356,1.725492
2357,1.997200
2358,1.574282
2359,1.588036
2360,2.127396
2361,1.765092
2362,1.521386
2363,2.537206
2364,2.231839
2365,1.480740
2366,1.993650
2367,0.263869
2368,0.273044
2369,0.528102
2370,0.684295
2371,0.717198
2372,1.160669
2373,1.371772
2374,1.185947
2375,1.726011
2376,-2.675015
2377,-1.498598
2378,-1.857261
2379,1.831399
2380,-1.637364
2381,1.579860
2382,-2.155068
2383,0.099669
2384,-1.776192
2385,-1.358050
2386,-1.460562
2387,-3.030735
2388,2.690931
2389,1.757019
2390,1.792980
2391,2.053207
2392,2.036877
2393,1.866237
2394,2.290943
2395,2.532134
2396,2.360181
2397,2.403829
2398,2.133294
2399,3.083087
2400,1.794008
2401,2.237470
2402,2.986172
2403,-2.951711
2404,2.458638
2405,2.400019
2406,2.078874
2407,1.641268
2408,1.722083
2409,1.415800
2410,1.139242
2411,1.348375
2412,1.032077
2413,1.196343
2414,1.222025
2415,1.813745
2416,1.634902
2417,1.745882
2418,1.210142
2419,1.176005
2420,-3.014654
2421,-2.295629
2422,2.668007
2423,2.471471
2424,2.443352
2425,2.165175
2426,1.711046
2427,1.637655
2428,1.703348
2429,1.626116
2430,1.764483
2431,2.120650
2432,1.892547
2433,1.570796
2434,1.384457
2435,1.238177
2436,1.346380
2437,1.602926
2438,0.721819
2439,1.172274
2440,1.159169
2441,0.231153
2442,-0.545913
2443,-1.059512
2444,-1.189719
2445,-1.007480
2446,-1.485291
2447,-2.149589
2448,1.144424
2449,1.042722
2450,1.667102
2451,2.114286
2452,2.415513
2453,2.408946
2454,2.665125
2455,2.646041
2456,2.196688
2457,2.282255
2458,1.683818
2459,1.476735
2460,1.261059
2461,1.189601
2462,1.073454
2463,1.897661
2464,3.054133
2465,-2.770470
2466,2.462930
2467,1.930989
2468,1.523020
2469,1.414010
2470,1.521757
2471,1.858545
2472,2.096380
2473,2.369036
2474,2.342268
2475,2.988731
2476,-3.030935
2477,1.054893
2478,1.204740
2479,1.350091
2480,1.128830
2481,1.240538
2482,1.113384
2483,0.710333
2484,0.568418
2485,1.307587
2486,1.073454
2487,1.388131
2488,1.707031
2489,1.634664
2490,1.529724
2491,1.928733
2492,2.505517
2493,2.909728
2494,2.718744
2495,3.099864
2496,-2.919293
2497,2.951908
2498,-2.950662
2499,-2.926200
2500,2.217835
2501,1.801333
2502,1.276562
2503,1.113248
2504,0.735378
2505,0.840897
2506,0.677814
2507,0.668289
2508,1.045883
2509,1.957672
2510,-2.033553
2511,-1.570796
2512,-2.737141
2513,-2.773524
2514,2.842740
2515,2.252988
2516,2.075357
2517,1.837261
2518,2.140983
2519,1.892547
2520,-0.937551
2521,-0.283794
2522,-0.068796
2523,0.178450
2524,0.204018
2525,0.932650
2526,0.428778
2527,0.176923
2528,0.566729
2529,0.703820
2530,0.482513
2531,1.046142
2532,1.977417
2533,2.120646
2534,2.094740
2535,2.149321
2536,2.030615
2537,1.989877
2538,1.718831
2539,-3.141593
2540,-2.408778
2541,-2.505028
2542,-2.488288
2543,-2.935804
2544,2.527682
2545,1.433210
2546,1.570796
2547,1.568574
2548,1.846161
2549,1.918310
2550,2.388152
2551,2.115077
2552,1.715238
2553,1.339706
2554,1.311408
2555,1.485911
2556,1.851205
2557,1.842357
2558,1.882514
2559,1.898730
2560,2.074556
2561,1.798470
2562,1.687894
2563,1.726391
2564,0.765267
2565,0.991033
2566,0.408512
2567,-2.962094
2568,2.172270
2569,1.938369
2570,2.093200
2571,1.791625
2572,1.382992
2573,1.103130
2574,1.243893
2575,1.304046
2576,0.729900
2577,1.052500
2578,-0.110657
2579,1.515153
2580,1.180189
2581,1.634540
2582,1.352491
2583,1.408959
2584,-0.318866
2585,-1.311465
2586,-1.634203
2587,-1.493175
2588,-1.455507
2589,-1.574098
2590,-1.679067
2591,-1.366003
2592,-2.422763
2593,-1.976426
2594,-2.547141
2595,2.327169
2596,2.300696
2597,1.532985
2598,1.299849
2599,1.096945
2600,0.407450
2601,-0.193637
2602,0.643501
2603,-0.674741
2604,-0.218669
2605,0.548759
2606,2.482916
2607,-2.724076
2608,-2.531592
2609,-2.531709
2610,1.894469
2611,1.982512
2612,0.511567
2613,1.047129
2614,0.222123
2615,-0.088583
2616,1.253231
2617,2.802300
2618,3.006065
2619,2.779514
2620,2.617673
2621,-2.967317
2622,2.483194
2623,-2.933371
2624,1.811668
2625,1.634035
2626,1.388562
2627,1.426453
2628,1.415828
2629,1.588652
2630,1.721812
2631,1.906518
2632,1.816494
2633,2.803120
2634,2.025135
2635,1.439903
2636,1.504964
2637,1.270625
2638,1.431936
2639,1.368497
2640,1.317257
2641,1.314728
2642,1.181328
2643,0.841383
2644,0.819867
2645,0.917671
2646,0.633885
2647,0.355636
2648,0.527236
2649,1.379240
2650,1.718646
2651,1.241897
2652,1.525699
2653,1.525883
2654,1.418147
2655,1.476464
2656,1.635174
2657,1.442093
2658,0.960070
2659,1.082960
2660,0.972308
2661,1.048322
2662,1.217855
2663,1.336074
2664,0.679570
2665,0.043451
2666,0.183759
2667,1.134169
2668,1.360916
2669,1.613324
2670,1.421549
2671,1.822486
2672,1.239150
2673,1.258821
2674,1.467477
2675,1.696878
2676,1.707706
2677,1.678875
2678,1.391453
2679,1.238505
2680,1.182914
2681,1.403226
2682,1.501188
2683,1.502593
2684,1.291495
2685,1.254492
2686,0.669043
2687,0.291457
2688,0.109229
2689,0.928442
2690,0.992962
2691,1.463763
2692,1.576355
2693,1.692489
2694,0.407852
2695,1.052362
2696,0.927295
2697,1.536803
2698,1.822486
2699,2.307467
2700,2.244673
2701,2.410216
2702,2.380580
2703,2.260596
2704,2.279039
2705,0.281123
2706,1.794273
2707,1.599708
2708,2.089254
2709,1.696760
2710,1.587553
2711,1.723841
2712,1.592135
2713,1.515723
2714,2.253489
2715,-2.709185
2716,-2.562781
2717,-2.866683
2718,2.568627
2719,1.680346
2720,2.194819
2721,1.854461
2722,1.951303
2723,2.096380
2724,2.114629
2725,1.464812
2726,1.739003
2727,1.631153
2728,1.631328
2729,1.932537
2730,2.140585
2731,2.163370
2732,2.129604
2733,2.878598
2734,2.646435
2735,2.616879
2736,3.114079
2737,3.000851
2738,3.105894
2739,-1.556435
2740,-1.358291
2741,0.688440
2742,0.598702
2743,1.323362
2744,1.490049
2745,1.720780
2746,1.596615
2747,1.435702
2748,1.385650
2749,1.547740
2750,1.036716
2751,1.142507
2752,1.701624
2753,1.829567
2754,1.570796
2755,0.991440
2756,0.988521
2757,0.930013
2758,0.554996
2759,0.833197
2760,1.141669
2761,1.015303
2762,1.252672
2763,1.227491
2764,0.839659
2765,1.238737
2766,1.372516
2767,1.391857
2768,1.915015
2769,2.656932
2770,-2.098871
2771,-1.516684
2772,-1.670465
2773,-0.876648
2774,-0.952681
2775,2.677360
2776,-2.657115
2777,-2.320805
2778,-2.756988
2779,-3.141593
2780,2.505277
2781,1.901892
2782,2.371807
2783,2.291350
2784,2.152712
2785,2.559862
2786,2.541503
2787,1.842904
2788,2.047518
2789,-2.770701
2790,0.970702
2791,2.059027
2792,2.050844
2793,0.729472
2794,0.901157
2795,1.712693
2796,-0.026490
2797,0.862170
2798,1.296580
2799,1.305711
2800,1.422106
2801,1.439200
2802,1.508378
2803,0.666499
2804,1.043530
2805,0.763180
2806,0.292225
2807,0.609971
2808,0.844180
2809,0.624023
2810,1.786340
2811,1.681668
2812,1.300947
2813,1.821146
2814,1.717015
2815,0.638914
2816,1.194295
2817,1.280778
2818,1.355712
2819,1.157549
2820,1.155600
2821,1.067170
2822,1.245872
2823,0.894479
2824,0.882651
2825,0.641889
2826,0.612872
2827,0.475393
2828,0.533708
2829,1.811104
2830,2.845047
2831,3.045734
2832,2.900845
2833,2.744660
2834,1.652759
2835,1.511808
2836,1.120359
2837,1.552052
2838,0.892677
2839,0.309722
2840,-0.095656
2841,0.282342
2842,0.316636
2843,0.890275
2844,0.989148
2845,1.259249
2846,1.457328
2847,1.669242
2848,2.093094
2849,2.358005
2850,1.713843
2851,1.755251
2852,1.767293
2853,1.444132
2854,1.595182
2855,2.804859
2856,-2.797543
2857,2.577023
2858,2.497375
2859,2.341703
2860,1.984055
2861,1.392461
2862,0.857839
2863,0.715436
2864,1.107149
2865,1.278398
2866,1.594854
2867,2.110133
2868,2.138523
2869,2.466852
2870,-2.896280
2871,-2.568793
2872,2.773880
2873,-2.158299
2874,-1.504228
2875,-0.777117
2876,1.586197
2877,2.267205
2878,1.649771
2879,1.667714
2880,1.506064
2881,1.275718
2882,0.945568
2883,1.432790
2884,1.597106
2885,2.875341
2886,1.686784
2887,1.830773
2888,1.202170
2889,0.699538
2890,-0.723575
2891,-1.490966
2892,-0.471166
2893,1.104714
2894,2.654242
2895,1.377052
2896,1.351472
2897,1.423053
2898,1.469574
2899,1.282741
2900,2.293776
2901,3.094423
2902,-2.653259
2903,-3.074210
2904,2.310771
2905,-3.045814
2906,3.011355
2907,2.288589
2908,1.830128
2909,0.667830
2910,0.594759
2911,0.687124
2912,0.332162
2913,0.849141
2914,0.936774
2915,0.467367
2916,0.430693
2917,0.475565
2918,-0.278857
2919,-0.744896
2920,0.605285
2921,1.772692
2922,1.518288
2923,1.284316
2924,1.791692
2925,1.695754
2926,1.584782
2927,1.943289
2928,2.798569
2929,1.768192
2930,-2.788602
2931,-2.526930
2932,-2.441866
2933,1.892547
2934,2.880990
2935,1.866237
2936,2.379446
2937,2.744414
2938,2.639989
2939,2.526352
2940,2.314306
2941,2.010639
2942,1.838982
2943,1.869295
2944,1.528269
2945,1.254826
2946,1.320738
2947,1.237976
2948,1.400575
2949,1.387805
2950,1.614142
2951,1.618036
2952,1.495936
2953,1.086997
2954,1.143915
2955,1.216618
2956,-2.789426
2957,2.878598
2958,2.886410
2959,-2.356194
2960,-1.017748
2961,-0.278300
2962,0.228497
2963,0.661043
2964,1.059566
2965,1.862253
2966,1.844515
2967,2.257921
2968,1.916352
2969,2.176578
2970,1.220068
2971,2.306927
2972,1.484058
2973,1.661456
2974,1.831399
2975,2.586389
2976,1.943784
2977,1.892547
2978,2.101012
2979,1.538229
2980,1.425620
2981,1.538315
2982,1.934155
2983,1.583711
2984,1.721948
2985,1.138389
2986,0.621492
2987,0.669864
2988,0.611660
2989,0.975395
2990,1.272297
2991,2.069732
2992,2.073640
2993,1.825504
2994,1.401099
2995,1.714606
2996,1.483639
2997,1.378289
2998,1.551568
2999,1.580937
3000,1.216091
3001,2.049197
3002,1.513604
3003,1.034361
3004,1.365401
3005,1.320353
3006,0.753211
3007,1.267296
3008,1.752454
3009,1.984913
3010,1.804563
3011,1.775660
3012,1.816019
3013,1.803085
3014,1.634460
3015,1.659756
3016,1.544606
3017,1.683879
3018,1.537324
3019,2.759048
3020,-2.584096
3021,-2.016021
3022,-1.460139
3023,-0.470048
3024,0.535849
3025,0.073692
3026,0.085345
3027,0.030294
3028,-0.063407
3029,-0.017357
3030,0.122669
3031,-0.251713
3032,-0.428491
3033,-1.687124
3034,-2.245265
3035,-2.471264
3036,-2.741957
3037,-2.351286
3038,-3.094010
3039,2.893531
3040,2.221043
3041,1.721168
3042,1.501142
3043,1.507205
3044,1.450431
3045,1.537263
3046,1.632183
3047,1.701065
3048,1.825483
3049,2.051322
3050,1.989021
3051,2.731465
3052,2.501125
3053,-3.061763
3054,2.747173
3055,-2.891300
3056,0.000000
3057,-2.627529
3058,0.405761
3059,0.540420
3060,0.390607
3061,0.714091
3062,0.661343
3063,0.876058
3064,1.139399
3065,0.908475
3066,0.843070
3067,0.498964
3068,0.567548
3069,0.214061
3070,-1.213133
3071,0.317875
3072,-2.886410
3073,-2.203022
3074,-1.849096
3075,2.212679
3076,-1.989021
3077,0.380506
3078,1.185899
3079,1.398606
3080,0.572966
3081,0.915964
3082,0.761615
3083,0.128256
3084,-0.248047
3085,-0.489556
3086,-0.633213
3087,-0.262281
3088,0.588003
3089,1.660748
3090,2.083100
3091,2.053940
3092,1.783317
3093,2.463574
3094,0.000000
3095,-0.475011
3096,-1.324142
3097,-0.798741
3098,-0.990040
3099,-0.593964
3100,0.040136
3101,-0.436627
3102,-0.963637
3103,-0.226799
3104,-2.220465
3105,-1.235185
3106,1.664437
3107,2.101373
3108,1.830128
3109,1.505952
3110,1.312544
3111,1.113506
3112,0.907775
3113,0.606491
3114,0.000000
3115,1.896986
3116,2.359911
3117,2.504522
3118,2.394163
3119,1.859144
3120,0.445655
3121,0.106759
3122,0.616603
3123,0.537530
3124,0.953676
3125,1.368961
3126,1.228014
3127,1.175830
3128,1.421237
3129,1.647823
3130,1.446441
3131,2.000310
3132,2.104505
3133,1.874007
3134,1.475845
3135,1.892547
3136,1.301644
3137,0.736718
3138,0.383144
3139,-0.090660
3140,0.299113
3141,1.613848
3142,1.338854
3143,2.677945
3144,2.307282
3145,3.095578
3146,-2.458231
3147,2.651635
3148,2.175373
3149,1.568296
3150,1.451798
3151,1.329679
3152,1.318610
3153,1.195956
3154,1.421906
3155,1.500766
3156,1.687905
3157,1.427160
3158,2.010639
3159,2.598658
3160,2.778677
3161,2.276365
3162,2.377647
3163,2.808348
3164,2.376235
3165,3.008776
3166,3.065611
3167,-2.994034
3168,-1.918815
3169,-1.817201
3170,-2.128110
3171,-0.982794
3172,0.614410
3173,1.322309
3174,1.408030
3175,1.470777
3176,1.832510
3177,2.373737
3178,2.771422
3179,2.903455
3180,2.451627
3181,2.523804
3182,1.809943
3183,0.522137
3184,0.699193
3185,1.553557
3186,1.030178
3187,0.896852
3188,-0.007143
3189,0.483612
3190,3.065246
3191,-3.023389
3192,-2.534089
3193,-3.081664
3194,-2.808348
3195,-0.705936
3196,-0.998603
3197,1.559009
3198,0.890275
3199,1.001048
3200,2.415886
3201,1.926850
3202,-1.032721
3203,-0.279439
3204,0.168951
3205,-0.707281
3206,-0.380506
3207,1.212026
3208,2.458588
3209,1.533776
3210,1.824766
3211,1.678030
3212,1.115345
3213,0.848696
3214,1.197809
3215,0.887087
3216,0.539509
3217,0.268776
3218,0.708626
3219,-0.117109
3220,-1.170556
3221,2.574863
3222,3.013228
3223,-2.976444
3224,-2.773126
3225,1.703348
3226,2.535524
3227,2.015762
3228,2.016902
3229,2.009656
3230,2.662632
3231,1.679331
3232,0.610726
3233,0.214996
3234,1.249046
3235,0.950583
3236,0.666527
3237,0.223547
3238,1.090859
3239,0.340187
3240,-0.109495
3241,0.579074
3242,1.414692
3243,1.174166
3244,1.332046
3245,1.865014
3246,1.190290
3247,1.051650
3248,0.733077
3249,1.438213
3250,0.747513
3251,-0.233530
3252,0.251398
3253,0.213580
3254,0.261714
3255,0.683496
3256,1.039766
3257,1.322727
3258,1.395386
3259,1.617297
3260,1.539556
3261,1.807645
3262,1.644735
3263,1.480136
3264,1.282741
3265,1.556512
3266,1.794273
3267,1.605311
3268,1.817341
3269,2.688814
3270,2.626933
3271,2.969471
3272,-3.092572
3273,2.678989
3274,1.483716
3275,2.819842
3276,0.741947
3277,1.083699
3278,-0.181600
3279,0.981293
3280,1.024175
3281,1.463106
3282,1.281419
3283,1.586223
3284,1.018263
3285,0.545100
3286,0.711459
3287,-0.108205
3288,0.131272
3289,0.281492
3290,0.406019
3291,0.098555
3292,1.190531
3293,0.602109
3294,0.724049
3295,0.843509
3296,0.963491
3297,1.076855
3298,1.079895
3299,1.615043
3300,2.023161
3301,1.237944
3302,0.909379
3303,1.284745
3304,0.935882
3305,1.208145
3306,2.708079
3307,1.964495
3308,3.063549
3309,-2.989431
3310,2.052123
3311,1.411404
3312,1.178456
3313,0.950547
3314,0.812080
3315,1.126286
3316,0.798090
3317,0.463648
3318,1.004067
3319,0.722805
3320,0.093477
3321,0.806672
3322,1.121037
3323,1.140930
3324,1.183921
3325,1.313059
3326,1.279680
3327,0.933276
3328,-0.039246
3329,-1.657535
3330,-1.695151
3331,-0.851966
3332,0.915101
3333,1.895621
3334,1.631612
3335,1.775031
3336,2.115280
3337,3.050816
3338,-2.423320
3339,1.002809
3340,-0.171825
3341,0.188222
3342,0.710909
3343,0.982794
3344,1.570796
3345,2.622719
3346,2.620158
3347,2.414950
3348,2.231839
3349,1.819759
3350,1.760276
3351,1.455018
3352,1.232751
3353,1.414194
3354,1.602418
3355,1.408396
3356,1.476383
3357,1.576487
3358,1.526094
3359,1.622578
3360,1.747859
3361,2.027225
3362,1.913831
3363,1.894961
3364,1.685051
3365,1.334832
3366,1.452128
3367,-0.072999
3368,0.524573
3369,1.055247
3370,1.742740
3371,1.841916
3372,1.967876
3373,1.912038
3374,1.835417
3375,1.778426
3376,1.859526
3377,1.772324
3378,1.801142
3379,2.045881
3380,2.225167
3381,2.175102
3382,2.345886
3383,2.259721
3384,2.315566
3385,1.896952
3386,0.714091
3387,0.653051
3388,0.599172
3389,0.060168
3390,-0.314232
3391,-0.931882
3392,-1.065935
3393,-1.291735
3394,3.051465
3395,2.690140
3396,2.067132
3397,2.050441
3398,1.620755
3399,1.066284
3400,1.039095
3401,1.178456
3402,1.197809
3403,1.956040
3404,-2.541542
3405,-1.848241
3406,-1.833192
3407,2.981282
3408,3.091050
3409,2.314471
3410,2.591403
3411,2.591207
3412,-1.035645
3413,0.412709
3414,0.722979
3415,0.737208
3416,1.138389
3417,1.645173
3418,1.181828
3419,1.418147
3420,1.787255
3421,1.810458
3422,1.838666
3423,1.885301
3424,1.821799
3425,1.812032
3426,1.564996
3427,1.126321
3428,1.317262
3429,1.249046
3430,0.336675
3431,0.805003
3432,1.579956
3433,2.116056
3434,1.227865
3435,1.741595
3436,1.300273
3437,1.517395
3438,0.734896
3439,1.570796
3440,1.619538
3441,1.725932
3442,1.838496
3443,1.590794
3444,1.878849
3445,2.226492
3446,1.908837
3447,1.429625
3448,1.590811
3449,1.709892
3450,1.343943
3451,1.395238
3452,1.916932
3453,2.226903
3454,2.639574
3455,-3.087146
3456,2.493800
3457,1.292236
3458,0.512833
3459,0.760416
3460,1.044730
3461,0.659303
3462,1.007480
3463,3.064821
3464,2.936723
3465,2.806138
3466,2.227185
3467,1.990090
3468,1.056345
3469,1.699707
3470,1.414104
3471,1.547487
3472,1.644251
3473,1.872381
3474,1.549061
3475,2.303611
3476,2.337678
3477,1.867641
3478,1.745469
3479,1.644559
3480,1.671701
3481,0.588003
3482,-2.896614
3483,2.710356
3484,-2.891103
3485,-2.638639
3486,-3.087321
3487,2.204112
3488,3.086094
3489,3.055571
3490,2.754717
3491,2.356194
3492,2.424030
3493,2.805305
3494,2.987239
3495,3.017238
3496,1.884200
3497,2.539788
3498,0.370180
3499,0.128928
3500,0.350229
3501,0.035206
3502,0.402139
3503,1.500882
3504,1.485986
3505,1.358415
3506,1.498459
3507,1.881717
3508,1.631556
3509,1.571307
3510,2.444242
3511,2.219128
3512,1.592549
3513,0.643501
3514,-2.433450
3515,0.506473
3516,0.179853
3517,0.423330
3518,2.353420
3519,2.152177
3520,2.729182
3521,3.075487
3522,2.623223
3523,1.594527
3524,0.883241
3525,0.690038
3526,1.133599
3527,1.526552
3528,-3.033525
3529,2.521343
3530,-2.729151
3531,-2.596571
3532,-1.377184
3533,-0.337903
3534,-1.390196
3535,-3.086094
3536,1.649399
3537,1.607816
3538,0.864182
3539,1.076855
3540,0.940993
3541,1.109642
3542,1.325818
3543,2.034444
3544,1.268615
3545,1.653938
3546,1.051858
3547,0.965252
3548,1.541819
3549,1.277975
3550,1.131684
3551,1.443034
3552,1.002182
3553,0.578780
3554,0.043022
3555,0.060095
3556,0.092749
3557,-0.082712
3558,-0.142488
3559,2.304923
3560,1.681044
3561,1.364472
3562,0.502858
3563,0.111398
3564,0.261674
3565,0.515549
3566,1.355439
3567,1.205108
3568,1.109716
3569,1.676222
3570,1.302090
3571,1.117819
3572,0.957131
3573,1.450173
3574,1.119343
3575,1.144169
3576,1.147308
3577,1.302886
3578,0.775497
3579,0.744325
3580,0.017901
3581,0.631079
3582,1.427088
3583,1.851634
3584,2.103640
3585,1.536217
3586,1.654566
3587,1.956679
3588,1.818086
3589,1.417719
3590,2.802045
3591,0.374001
3592,-0.105984
3593,0.215766
3594,0.098045
3595,0.612108
3596,0.905498
3597,1.425002
3598,1.463487
3599,1.723446
3600,1.148932
3601,1.629985
3602,1.537475
3603,1.478950
3604,1.203135
3605,1.855914
3606,1.251936
3607,1.080279
3608,0.604060
3609,0.633865
3610,0.701448
3611,0.900782
3612,0.922154
3613,0.828700
3614,0.684617
3615,0.507394
3616,-0.141388
3617,-2.873617
3618,2.930499
3619,2.987000
3620,2.347522
3621,1.865023
3622,0.857417
3623,1.517276
3624,1.363281
3625,1.455595
3626,1.614247
3627,1.635633
3628,1.244558
3629,1.339804
3630,1.322988
3631,0.939343
3632,0.655810
3633,1.207131
3634,1.066214
3635,0.813491
3636,0.785398
3637,1.290191
3638,0.581847
3639,0.464983
3640,0.764452
3641,0.600735
3642,0.055499
3643,0.180946
3644,0.418653
3645,0.677386
3646,0.797446
3647,1.144169
3648,1.372508
3649,1.655340
3650,1.910163
3651,2.379426
3652,2.654186
3653,2.729970
3654,1.856963
3655,1.602036
3656,0.995975
3657,0.223440
3658,0.507053
3659,-0.197396
3660,-0.231484
3661,-0.499347
3662,-0.508730
3663,0.463648
3664,1.322539
3665,-1.667400
3666,1.340846
3667,1.675673
3668,1.496073
3669,1.358364
3670,1.653106
3671,1.761684
3672,2.034444
3673,2.424718
3674,2.303611
3675,2.228685
3676,1.570796
3677,1.159340
3678,1.291452
3679,1.809406
3680,1.319217
3681,1.947881
3682,1.889708
3683,1.266285
3684,0.907661
3685,0.957269
3686,0.712358
3687,0.581973
3688,0.095494
3689,0.195558
3690,0.315679
3691,0.203706
3692,0.615578
3693,1.474708
3694,1.513716
3695,1.863119
3696,1.761957
3697,2.113729
3698,2.753998
3699,2.959944
3700,-2.532505
3701,-2.747854
3702,-0.171640
3703,0.878875
3704,1.112042
3705,1.528568
3706,1.851096
3707,1.841756
3708,1.200469
3709,2.114792
3710,2.047189
3711,0.885067
3712,1.572547
3713,1.857881
3714,1.570796
3715,1.741866
3716,1.760749
3717,1.726361
3718,1.529912
3719,1.414691
3720,1.110118
3721,1.015458
3722,1.095427
3723,1.358629
3724,1.847426
3725,1.989021
3726,1.710139
3727,1.888043
3728,2.188712
3729,2.152714
3730,2.841973
3731,-2.589938
3732,-2.615731
3733,-2.190531
3734,2.996182
3735,3.093602
3736,2.308611
3737,2.808288
3738,2.646887
3739,2.718141
3740,2.532381
3741,2.581304
3742,2.594254
3743,2.473303
3744,1.945096
3745,1.155909
3746,1.219352
3747,1.355572
3748,1.616220
3749,2.589390
3750,1.430007
3751,1.499489
3752,1.209779
3753,1.147329
3754,1.194554
3755,1.286748
3756,1.570251
3757,1.843909
3758,1.921524
3759,2.339803
3760,2.434978
3761,2.212644
3762,2.084818
3763,2.191046
3764,-2.964884
3765,3.013871
3766,2.682511
3767,2.439080
3768,2.079705
3769,1.810967
3770,1.630800
3771,1.581434
3772,1.512041
3773,1.622824
3774,1.249046
3775,1.305061
3776,0.053695
3777,0.021656
3778,-0.498358
3779,-0.851966
3780,-0.444419
3781,-0.005805
3782,-0.461706
3783,-0.795924
3784,-0.694738
3785,-2.622857
3786,1.203622
3787,1.418147
3788,1.667270
3789,1.528535
3790,1.555185
3791,1.932526
3792,1.887366
3793,2.356194
3794,-3.091314
3795,2.356194
3796,2.265535
3797,2.595511
3798,-2.805945
3799,1.642758
3800,1.702112
3801,1.179142
3802,1.243382
3803,1.107149
3804,1.467165
3805,1.209302
3806,1.570796
3807,1.611408
3808,2.235664
3809,1.783050
3810,2.301660
3811,2.201202
3812,2.336617
3813,1.889840
3814,2.381830
3815,1.807609
3816,1.730135
3817,1.844197
3818,2.125607
3819,2.039419
3820,2.140344
3821,2.596254
3822,0.913701
3823,1.340517
3824,0.820016
3825,0.890923
3826,0.868539
3827,1.319106
3828,1.894503
3829,2.153903
3830,2.014511
3831,2.011976
3832,1.479555
3833,0.628303
3834,0.863030
3835,0.910905
3836,0.588003
3837,1.892547
3838,2.687246
3839,1.839626
3840,1.703348
3841,2.356194
3842,-2.570255
3843,0.165149
3844,1.856345
3845,1.740575
3846,1.987679
3847,2.165010
3848,-1.574316
3849,-1.574809
3850,-1.575110
3851,-1.573679
3852,-1.575364
3853,2.273053
3854,2.231839
3855,1.945661
3856,2.289861
3857,1.570796
3858,1.997033
3859,1.459080
3860,2.259585
3861,1.394121
3862,0.967384
3863,0.888717
3864,1.479924
3865,1.199087
3866,1.433060
3867,2.059216
3868,1.985043
3869,1.520508
3870,1.118018
3871,1.465158
3872,1.036027
3873,1.159340
3874,1.618379
3875,1.794273
3876,1.841237
3877,1.935732
3878,1.513716
3879,1.392490
3880,1.143133
3881,1.296695
3882,1.499374
3883,2.033734
3884,1.770480
3885,1.832340
3886,1.968167
3887,1.600388
3888,1.578124
3889,1.074941
3890,0.945149
3891,1.009896
3892,1.045850
3893,0.186991
3894,2.267618
3895,1.701289
3896,2.722502
3897,1.896576
3898,1.770687
3899,1.808721
3900,1.298650
3901,1.228846
3902,1.333948
3903,0.711847
3904,0.931651
3905,1.319136
3906,0.972160
3907,1.477654
3908,2.590529
3909,2.723518
3910,2.658977
3911,2.275203
3912,1.264959
3913,1.554282
3914,1.856848
3915,1.735008
3916,-2.571903
3917,2.358616
3918,1.670465
3919,1.606495
3920,1.826948
3921,1.502720
3922,1.740925
3923,1.190290
3924,1.306296
3925,1.557181
3926,1.825164
3927,2.661418
3928,2.553590
3929,2.952394
3930,-3.011484
3931,-2.963463
3932,-3.004526
3933,-2.692316
3934,2.630362
3935,1.581266
3936,1.535097
3937,1.172783
3938,1.060329
3939,0.761297
3940,0.812635
3941,0.940396
3942,0.960800
3943,1.170040
3944,1.216971
3945,1.099763
3946,1.113321
3947,1.374831
3948,1.210230
3949,1.915444
3950,2.106808
3951,1.953589
3952,1.895719
3953,1.912776
3954,1.334058
3955,1.191874
3956,0.997239
3957,0.358861
3958,0.855951
3959,0.997130
3960,1.078419
3961,1.319794
3962,1.510952
3963,1.685673
3964,2.031485
3965,1.685991
3966,1.522931
3967,1.955336
3968,2.199328
3969,2.223643
3970,1.750683
3971,1.789704
3972,1.158386
3973,1.178569
3974,1.803353
3975,2.803836
3976,2.525752
3977,1.884256
3978,1.688207
3979,0.762836
3980,0.012761
3981,-1.299113
3982,-1.774057
3983,-2.636066
3984,2.261516
3985,1.670619
3986,1.498186
3987,1.691567
3988,0.649794
3989,0.692334
3990,0.367174
3991,0.147629
3992,0.505791
3993,1.292819
3994,1.618301
3995,1.710236
3996,2.058902
3997,2.206200
3998,-2.252276
3999,-0.805753
4000,0.896055
4001,-0.226888
4002,2.743454
4003,1.534919
4004,2.365039
4005,1.976737
4006,1.975625
4007,1.945331
4008,2.568152
4009,2.311464
4010,2.262688
4011,1.999574
4012,2.122451
4013,1.635223
4014,1.768192
4015,2.166233
4016,2.314832
4017,1.913385
4018,2.458658
4019,2.677945
4020,-2.336589
4021,-2.155085
4022,-2.685038
4023,-2.988943
4024,2.859821
4025,1.963854
4026,1.429572
4027,1.249046
4028,1.475637
4029,1.623322
4030,1.704755
4031,2.120356
4032,1.991993
4033,1.795971
4034,2.191046
4035,2.227375
4036,-0.076772
4037,1.213456
4038,1.624762
4039,1.587422
4040,1.723569
4041,1.649580
4042,1.216799
4043,0.804277
4044,0.513269
4045,0.010141
4046,0.365361
4047,2.288421
4048,2.234069
4049,1.723834
4050,2.658209
4051,1.643971
4052,0.484331
4053,0.862170
4054,1.971835
4055,-0.085693
4056,-1.428043
4057,2.057796
4058,2.806389
4059,2.499478
4060,2.290986
4061,1.803555
4062,1.275010
4063,1.237201
4064,1.102857
4065,1.034807
4066,1.359140
4067,1.821549
4068,1.930681
4069,2.208212
4070,2.583220
4071,2.493253
4072,2.471748
4073,2.317204
4074,2.007504
4075,1.512284
4076,1.418147
4077,1.022933
4078,1.309865
4079,1.785400
4080,2.293776
4081,2.249802
4082,2.557270
4083,2.786988
4084,1.737622
4085,1.257176
4086,0.980937
4087,1.380294
4088,1.304144
4089,2.160342
4090,2.447611
4091,2.428349
4092,2.613518
4093,-2.957560
4094,-1.810936
4095,-2.143192
4096,-3.017238
4097,2.699218
4098,2.553590
4099,2.823432
4100,2.641312
4101,2.865708
4102,-3.006216
4103,-2.336785
4104,-2.387884
4105,-2.837288
4106,-2.415378
4107,2.408778
4108,1.692582
4109,1.003345
4110,1.238278
4111,1.171393
4112,1.156445
4113,1.071450
4114,1.290392
4115,0.781035
4116,0.893189
4117,0.731882
4118,0.810675
4119,0.936286
4120,0.380506
4121,0.520299
4122,1.776192
4123,1.795292
4124,1.926432
4125,1.548245
4126,1.636491
4127,1.446441
4128,1.042093
4129,1.082101
4130,0.879136
4131,0.710538
4132,0.893561
4133,1.286433
4134,1.205595
4135,1.244303
4136,1.560249
4137,1.600787
4138,1.121725
4139,1.570338
4140,2.203545
4141,1.460139
4142,0.785398
4143,1.983914
4144,1.647568
4145,0.994737
4146,0.205395
4147,-0.470014
4148,0.197396
4149,0.861363
4150,1.329626
4151,1.616725
4152,1.553911
4153,1.402590
4154,1.803063
4155,1.710236
4156,1.746035
4157,1.181209
4158,1.508643
4159,1.328236
4160,0.973620
4161,1.429214
4162,1.436025
4163,1.446483
4164,1.232775
4165,1.324022
4166,1.428246
4167,1.483379
4168,1.371552
4169,1.304578
4170,1.091277
4171,0.470100
4172,0.163760
4173,0.740568
4174,1.000615
4175,1.159186
4176,1.135181
4177,1.393200
4178,1.570796
4179,1.885063
4180,2.085454
4181,2.140302
4182,1.984745
4183,1.885485
4184,1.480407
4185,1.541890
4186,1.481866
4187,1.537475
4188,1.376831
4189,1.617032
4190,1.570796
4191,1.599857
4192,1.629018
4193,1.639183
4194,1.425141
4195,1.341971
4196,1.393600
4197,1.415639
4198,1.703673
4199,1.956590
4200,2.061305
4201,2.508844
4202,2.905023
4203,-3.096207
4204,2.933972
4205,2.581871
4206,1.946757
4207,1.592070
4208,1.629552
4209,1.570796
4210,1.013292
4211,1.390943
4212,0.122461
4213,0.305676
4214,-1.929567
4215,-2.766289
4216,2.878598
4217,2.306236
4218,2.006285
4219,1.728213
4220,1.480136
4221,1.416852
4222,1.766644
4223,1.944776
4224,1.471766
4225,2.056329
4226,2.000559
4227,2.122759
4228,2.169708
4229,2.747356
4230,2.548701
4231,2.922924
4232,0.623199
4233,0.352990
4234,0.885097
4235,0.757902
4236,1.308876
4237,2.652070
4238,2.115660
4239,1.937402
4240,1.736224
4241,1.907587
4242,1.317172
4243,0.669052
4244,1.249046
4245,1.083897
4246,0.883125
4247,1.044751
4248,1.381869
4249,1.086174
4250,1.232473
4251,1.321834
4252,1.391219
4253,1.821479
4254,2.174465
4255,2.452668
4256,2.511816
4257,2.034444
4258,1.934775
4259,1.834894
4260,1.184914
4261,1.146206
4262,1.735945
4263,1.873368
4264,1.642104
4265,2.050558
4266,1.831399
4267,1.664273
4268,1.435172
4269,1.446370
4270,1.423214
4271,1.508378
4272,1.273859
4273,1.569971
4274,1.486912
4275,3.103630
4276,1.570796
4277,2.572716
4278,1.749561
4279,1.782653
4280,1.405576
4281,1.592298
4282,1.370155
4283,1.630645
4284,1.137215
4285,0.924398
4286,0.744325
4287,0.412612
4288,0.259332
4289,0.799108
4290,1.168301
4291,0.463648
4292,0.950547
4293,1.088283
4294,1.557762
4295,1.614247
4296,1.653938
4297,2.853537
4298,2.742077
4299,2.391931
4300,2.054575
4301,1.852660
4302,1.786563
4303,1.422947
4304,1.294990
4305,1.086476
4306,1.573332
4307,1.418147
4308,1.445787
4309,2.896738
4310,2.462553
4311,2.788045
4312,2.746374
4313,2.512796
4314,1.504426
4315,1.473560
4316,1.222025
4317,1.231504
4318,1.128699
4319,1.249303
4320,1.497064
4321,1.570408
4322,1.556350
4323,1.585947
4324,1.330532
4325,0.595170
4326,0.096474
4327,0.022219
4328,-0.735822
4329,-0.885491
4330,-2.048142
4331,-1.989021
4332,-2.173084
4333,-1.638003
4334,-3.084173
4335,-2.841421
4336,-2.944197
4337,-2.841421
4338,-2.841460
4339,-2.761086
4340,-2.525890
4341,-2.649107
4342,3.139700
4343,-3.128813
4344,2.734337
4345,2.487377
4346,2.068619
4347,1.681387
4348,1.535097
4349,2.067260
4350,2.187093
4351,2.866683
4352,-3.077166
4353,2.865079
4354,2.295316
4355,2.468864
4356,1.895003
4357,1.439950
4358,1.434591
4359,2.677945
4360,2.015216
4361,-2.906996
4362,1.685673
4363,1.623379
4364,2.080399
4365,1.907968
4366,1.719686
4367,2.474081
4368,2.356194
4369,2.368115
4370,2.482787
4371,-2.944197
4372,2.573973
4373,2.707793
4374,2.723123
4375,-3.098349
4376,2.749748
4377,2.703901
4378,3.130059
4379,2.102282
4380,1.519237
4381,1.510264
4382,1.252197
4383,1.300134
4384,1.366271
4385,1.919567
4386,-1.373401
4387,-2.704965
4388,-2.806737
4389,-2.754532
4390,-3.044339
4391,2.767259
4392,2.273211
4393,1.125195
4394,0.920640
4395,0.950547
4396,-0.672206
4397,-1.173717
4398,-1.707199
4399,-2.158799
4400,2.150912
4401,1.597664
4402,1.229817
4403,1.408677
4404,1.560606
4405,0.819008
4406,1.392484
4407,1.817245
4408,2.171122
4409,2.031062
4410,2.084654
4411,1.471128
4412,1.339706
4413,1.008900
4414,-0.632749
4415,-0.043048
4416,0.426627
4417,2.559427
